25,5
26,4
26,1
26,3
29,4
30,4
30,1
30,3
31,7
31,4
31,5
31,1
31,3
27,5
28,4
29,1
29,3
28,5
28,1
28,3
27,1
27,3
25,4
25,1
25,3
24,4
24,1
24,3
33,4
33,3
3,2
3,1
3,3
10,195
10,103
10,239
10,142
10,198
10,245
10,215
10,1
10,90
10,2
10,3
11,21
11,8
11,29
11,17
11,18
11,19
11,1
11,14
11,2
11,3
9,5
9,1
9,7
9,2
9,3
8,15
8,14
8,18
8,8
8,1
8,9
8,2
8,3
12,2
12,1
12,3
20,2
20,1
20,3
19,2
19,1
19,3
18,1
18,3
14,3
13,1
13,3
2,2
2,1
2,3
35,7
35,6
35,5
35,4
35,3
35,2
35,1
35,0
34,5
34,4
34,3
34,2
34,1
34,0
33,93
33,92
33,91
33,90
33,89
33,88
33,87
33,86
33,85
33,84
33,83
33,82
33,81
33,80
33,79
33,78
33,77
33,76
33,75
33,74
